      22.8000      1.00000      17.0970
      22.9000      1.00000      15.5927
      23.0000      2.00000      14.2207
      23.1000      4.00000      12.9694
      23.2000      6.00000      11.8282
      23.3000      9.00000      10.7875
      23.4000      14.0000      9.83830
      23.5000      21.0000      8.97263
      23.6000      30.0000      8.18313
      23.7000      41.0000      7.46310
      23.8000      56.0000      6.80643
      23.9000      75.0000      6.20755
      24.0000      97.0000      5.66135
      24.1000      125.000      5.16321
      24.2000      157.000      4.70890
      24.3000      194.000      4.29457
      24.4000      237.000      3.91670
      24.5000      287.000      3.57207
      24.6000      342.000      3.25776
      24.7000      403.000      2.97112
      24.8000      472.000      2.70969
      24.9000      546.000      2.47127
      25.0000      628.000      2.25382
